           * d:\esim\esim_workspace\masterslavedff\masterslavedff.cir
           Transient Analysis  Sat Oct 08 10:45:48  2022
--------------------------------------------------------------------------------
Index   time            a3#branch_1_0   v1#branch       v2#branch       
--------------------------------------------------------------------------------
0	5.003262e-07	0.000000e+00	-1.66016e-04	0.000000e+00	
1	5.017230e-07	0.000000e+00	-1.38220e-04	0.000000e+00	
2	5.031409e-07	0.000000e+00	-1.18898e-04	0.000000e+00	
3	5.039908e-07	0.000000e+00	-1.17121e-04	0.000000e+00	
4	5.047265e-07	0.000000e+00	-1.24233e-04	0.000000e+00	
5	5.056134e-07	0.000000e+00	-1.40511e-04	0.000000e+00	
6	5.065827e-07	0.000000e+00	-1.69652e-04	0.000000e+00	
7	5.077928e-07	0.000000e+00	-2.13565e-04	0.000000e+00	
8	5.083254e-07	0.000000e+00	-2.33457e-04	0.000000e+00	
9	5.086445e-07	0.000000e+00	-2.40577e-04	0.000000e+00	
10	5.088590e-07	0.000000e+00	-2.29570e-04	0.000000e+00	
11	5.090212e-07	0.000000e+00	-3.40551e-04	0.000000e+00	
12	5.090970e-07	0.000000e+00	-4.11036e-04	0.000000e+00	
13	5.091834e-07	0.000000e+00	-4.39022e-04	0.000000e+00	
14	5.092734e-07	0.000000e+00	-4.35684e-04	0.000000e+00	
15	5.093677e-07	0.000000e+00	-4.51980e-04	0.000000e+00	
16	5.094972e-07	0.000000e+00	-4.41917e-04	0.000000e+00	
17	5.096819e-07	0.000000e+00	-4.59332e-04	0.000000e+00	
18	5.099415e-07	0.000000e+00	-4.51026e-04	0.000000e+00	
19	5.100000e-07	0.000000e+00	-4.66009e-04	0.000000e+00	
20	5.100507e-07	0.000000e+00	-4.59964e-04	0.000000e+00	
21	5.101520e-07	0.000000e+00	-4.61903e-04	0.000000e+00	
22	5.103546e-07	0.000000e+00	-4.65572e-04	0.000000e+00	
23	5.107598e-07	0.000000e+00	-4.72591e-04	0.000000e+00	
24	5.115702e-07	0.000000e+00	-4.85075e-04	0.000000e+00	
25	5.131911e-07	0.000000e+00	-5.04888e-04	0.000000e+00	
26	5.150318e-07	0.000000e+00	-5.17567e-04	0.000000e+00	
27	5.164992e-07	0.000000e+00	-5.12607e-04	0.000000e+00	
28	5.178434e-07	0.000000e+00	-4.92224e-04	0.000000e+00	
29	5.192323e-07	0.000000e+00	-4.60420e-04	0.000000e+00	
30	5.200000e-07	0.000000e+00	-4.44252e-04	0.000000e+00	
31	5.201510e-07	0.000000e+00	-4.41236e-04	0.000000e+00	
32	5.204529e-07	0.000000e+00	-4.35327e-04	0.000000e+00	
33	5.210567e-07	0.000000e+00	-4.23820e-04	0.000000e+00	
34	5.222643e-07	0.000000e+00	-4.03008e-04	0.000000e+00	
35	5.229396e-07	0.000000e+00	-3.94700e-04	0.000000e+00	
36	5.236104e-07	0.000000e+00	-3.89800e-04	0.000000e+00	
37	5.245225e-07	0.000000e+00	-3.88495e-04	0.000000e+00	
38	5.253640e-07	0.000000e+00	-3.92761e-04	0.000000e+00	
39	5.264958e-07	0.000000e+00	-4.05761e-04	0.000000e+00	
40	5.276845e-07	0.000000e+00	-4.25936e-04	0.000000e+00	
41	5.292047e-07	0.000000e+00	-4.54703e-04	0.000000e+00	
42	5.310102e-07	0.000000e+00	-4.84870e-04	0.000000e+00	
43	5.336612e-07	0.000000e+00	-5.08334e-04	0.000000e+00	
44	5.347200e-07	0.000000e+00	-4.90251e-04	0.000000e+00	
45	5.352855e-07	0.000000e+00	-3.90232e-04	0.000000e+00	
46	5.359107e-07	0.000000e+00	-2.71580e-04	0.000000e+00	
47	5.361530e-07	0.000000e+00	-2.58393e-04	0.000000e+00	
48	5.364591e-07	0.000000e+00	-2.53246e-04	0.000000e+00	
49	5.367098e-07	0.000000e+00	-2.43998e-04	0.000000e+00	
50	5.369709e-07	0.000000e+00	-2.36815e-04	0.000000e+00	
51	5.373086e-07	0.000000e+00	-2.26110e-04	0.000000e+00	
52	5.376996e-07	0.000000e+00	-2.13216e-04	0.000000e+00	
53	5.379107e-07	0.000000e+00	-2.06890e-04	0.000000e+00	
54	5.379709e-07	0.000000e+00	-2.04567e-04	0.000000e+00	

Index   time            a3#branch_1_0   v1#branch       v2#branch       
--------------------------------------------------------------------------------
55	5.380915e-07	0.000000e+00	-2.00912e-04	0.000000e+00	
56	5.383326e-07	0.000000e+00	-1.93508e-04	0.000000e+00	
57	5.388147e-07	0.000000e+00	-1.80173e-04	0.000000e+00	
58	5.389107e-07	0.000000e+00	-1.77615e-04	0.000000e+00	
59	5.390071e-07	0.000000e+00	-1.75233e-04	0.000000e+00	
60	5.392000e-07	0.000000e+00	-1.70578e-04	0.000000e+00	
61	5.395857e-07	0.000000e+00	-1.61930e-04	0.000000e+00	
62	5.403571e-07	0.000000e+00	-1.46500e-04	0.000000e+00	
63	5.419000e-07	0.000000e+00	-1.19850e-04	0.000000e+00	
64	5.426437e-07	0.000000e+00	-1.11435e-04	0.000000e+00	
65	5.433159e-07	0.000000e+00	-1.07393e-04	0.000000e+00	
66	5.442300e-07	0.000000e+00	-1.07236e-04	0.000000e+00	
67	5.450818e-07	0.000000e+00	-1.12608e-04	0.000000e+00	
68	5.462420e-07	0.000000e+00	-1.27216e-04	0.000000e+00	
69	5.474581e-07	0.000000e+00	-1.48721e-04	0.000000e+00	
70	5.490149e-07	0.000000e+00	-1.78237e-04	0.000000e+00	
71	5.509872e-07	0.000000e+00	-2.09504e-04	0.000000e+00	
72	5.537194e-07	0.000000e+00	-2.35857e-04	0.000000e+00	
73	5.553643e-07	0.000000e+00	-2.32733e-04	0.000000e+00	
74	5.565913e-07	0.000000e+00	-2.16121e-04	0.000000e+00	
75	5.579467e-07	0.000000e+00	-1.85529e-04	0.000000e+00	
76	5.594238e-07	0.000000e+00	-1.54443e-04	0.000000e+00	
77	5.608421e-07	0.000000e+00	-1.28506e-04	0.000000e+00	
78	5.622309e-07	0.000000e+00	-1.16595e-04	0.000000e+00	
79	5.630302e-07	0.000000e+00	-1.20979e-04	0.000000e+00	
80	5.638676e-07	0.000000e+00	-1.34112e-04	0.000000e+00	
81	5.647670e-07	0.000000e+00	-1.57668e-04	0.000000e+00	
82	5.659135e-07	0.000000e+00	-1.97800e-04	0.000000e+00	
83	5.660423e-07	0.000000e+00	-2.02822e-04	0.000000e+00	
84	5.662999e-07	0.000000e+00	-2.12720e-04	0.000000e+00	
85	5.668151e-07	0.000000e+00	-2.31235e-04	0.000000e+00	
86	5.670522e-07	0.000000e+00	-2.38454e-04	0.000000e+00	
87	5.672039e-07	0.000000e+00	-2.41723e-04	0.000000e+00	
88	5.673072e-07	0.000000e+00	-2.42188e-04	0.000000e+00	
89	5.674045e-07	0.000000e+00	-2.36991e-04	0.000000e+00	
90	5.674993e-07	0.000000e+00	-2.32746e-04	0.000000e+00	
91	5.676471e-07	0.000000e+00	-3.56251e-04	0.000000e+00	
92	5.677072e-07	0.000000e+00	-4.09468e-04	0.000000e+00	
93	5.677881e-07	0.000000e+00	-4.40275e-04	0.000000e+00	
94	5.678653e-07	0.000000e+00	-4.34882e-04	0.000000e+00	
95	5.679577e-07	0.000000e+00	-4.53542e-04	0.000000e+00	
96	5.680800e-07	0.000000e+00	-4.41874e-04	0.000000e+00	
97	5.682585e-07	0.000000e+00	-4.60941e-04	0.000000e+00	
98	5.684839e-07	0.000000e+00	-4.50144e-04	0.000000e+00	
99	5.689347e-07	0.000000e+00	-4.74037e-04	0.000000e+00	
100	5.698361e-07	0.000000e+00	-4.73249e-04	0.000000e+00	
101	5.716391e-07	0.000000e+00	-5.11869e-04	0.000000e+00	
102	5.736818e-07	0.000000e+00	-5.10168e-04	0.000000e+00	
103	5.751556e-07	0.000000e+00	-5.19468e-04	0.000000e+00	
104	5.764681e-07	0.000000e+00	-4.82904e-04	0.000000e+00	
105	5.778631e-07	0.000000e+00	-4.66429e-04	0.000000e+00	
106	5.793639e-07	0.000000e+00	-4.20582e-04	0.000000e+00	
107	5.807578e-07	0.000000e+00	-4.11559e-04	0.000000e+00	
108	5.818502e-07	0.000000e+00	-3.83697e-04	0.000000e+00	
109	5.825860e-07	0.000000e+00	-3.96116e-04	0.000000e+00	
110	5.834647e-07	0.000000e+00	-3.81884e-04	0.000000e+00	
111	5.843745e-07	0.000000e+00	-4.04851e-04	0.000000e+00	
112	5.855594e-07	0.000000e+00	-4.05933e-04	0.000000e+00	

Index   time            a3#branch_1_0   v1#branch       v2#branch       
--------------------------------------------------------------------------------
113	5.868590e-07	0.000000e+00	-4.45490e-04	0.000000e+00	
114	5.884630e-07	0.000000e+00	-4.59540e-04	0.000000e+00	
115	5.908872e-07	0.000000e+00	-5.09289e-04	0.000000e+00	
116	5.931538e-07	0.000000e+00	-4.86718e-04	0.000000e+00	
117	5.932664e-07	0.000000e+00	-4.90471e-04	0.000000e+00	
118	5.934918e-07	0.000000e+00	-4.77575e-04	0.000000e+00	
119	5.936479e-07	0.000000e+00	-4.58904e-04	0.000000e+00	
120	5.938563e-07	0.000000e+00	-4.05206e-04	0.000000e+00	
121	5.940254e-07	0.000000e+00	-3.42297e-04	0.000000e+00	
122	5.942063e-07	0.000000e+00	-2.84926e-04	0.000000e+00	
123	5.943084e-07	0.000000e+00	-2.71347e-04	0.000000e+00	
124	5.944098e-07	0.000000e+00	-2.69016e-04	0.000000e+00	
125	5.945146e-07	0.000000e+00	-2.65993e-04	0.000000e+00	
126	5.946358e-07	0.000000e+00	-2.62605e-04	0.000000e+00	
127	5.948780e-07	0.000000e+00	-2.56095e-04	0.000000e+00	
128	5.951573e-07	0.000000e+00	-2.47620e-04	0.000000e+00	
129	5.956574e-07	0.000000e+00	-2.32924e-04	0.000000e+00	
130	5.964112e-07	0.000000e+00	-2.08158e-04	0.000000e+00	
131	5.975881e-07	0.000000e+00	-1.74965e-04	0.000000e+00	
132	5.989362e-07	0.000000e+00	-1.45846e-04	0.000000e+00	
133	6.004543e-07	0.000000e+00	-1.20161e-04	0.000000e+00	
134	6.014121e-07	0.000000e+00	-1.09433e-04	0.000000e+00	
135	6.021243e-07	0.000000e+00	-1.06899e-04	0.000000e+00	
136	6.030572e-07	0.000000e+00	-1.07897e-04	0.000000e+00	
137	6.039402e-07	0.000000e+00	-1.15744e-04	0.000000e+00	
138	6.050000e-07	0.000000e+00	-1.29895e-04	0.000000e+00	
139	6.051214e-07	0.000000e+00	-1.32288e-04	0.000000e+00	
140	6.053642e-07	0.000000e+00	-1.36513e-04	0.000000e+00	
141	6.058498e-07	0.000000e+00	-1.45506e-04	0.000000e+00	
142	6.067166e-07	0.000000e+00	-1.62161e-04	0.000000e+00	
143	6.084504e-07	0.000000e+00	-1.93397e-04	0.000000e+00	
144	6.107244e-07	0.000000e+00	-2.23687e-04	0.000000e+00	
145	6.131834e-07	0.000000e+00	-2.36805e-04	0.000000e+00	
146	6.147988e-07	0.000000e+00	-2.22382e-04	0.000000e+00	
147	6.150000e-07	0.000000e+00	-2.19019e-04	0.000000e+00	
148	6.151726e-07	0.000000e+00	-2.15867e-04	0.000000e+00	
149	6.155178e-07	0.000000e+00	-2.08742e-04	0.000000e+00	
150	6.162081e-07	0.000000e+00	-1.92665e-04	0.000000e+00	
151	6.175888e-07	0.000000e+00	-1.62421e-04	0.000000e+00	
152	6.191376e-07	0.000000e+00	-1.33144e-04	0.000000e+00	
153	6.205812e-07	0.000000e+00	-1.16853e-04	0.000000e+00	
154	6.214226e-07	0.000000e+00	-1.19478e-04	0.000000e+00	
155	6.222198e-07	0.000000e+00	-1.29889e-04	0.000000e+00	
156	6.231108e-07	0.000000e+00	-1.51173e-04	0.000000e+00	
157	6.241914e-07	0.000000e+00	-1.86942e-04	0.000000e+00	
158	6.254498e-07	0.000000e+00	-2.33082e-04	0.000000e+00	
159	6.256188e-07	0.000000e+00	-2.37806e-04	0.000000e+00	
160	6.256610e-07	0.000000e+00	-2.38883e-04	0.000000e+00	
161	6.257456e-07	0.000000e+00	-2.40732e-04	0.000000e+00	
162	6.259146e-07	0.000000e+00	-2.38616e-04	0.000000e+00	
163	6.260212e-07	0.000000e+00	-2.29435e-04	0.000000e+00	
164	6.261407e-07	0.000000e+00	-2.96823e-04	0.000000e+00	
165	6.262068e-07	0.000000e+00	-3.81244e-04	0.000000e+00	
166	6.262698e-07	0.000000e+00	-4.27026e-04	0.000000e+00	
167	6.263402e-07	0.000000e+00	-4.32500e-04	0.000000e+00	
168	6.264091e-07	0.000000e+00	-4.43800e-04	0.000000e+00	
169	6.265279e-07	0.000000e+00	-4.44523e-04	0.000000e+00	
170	6.266453e-07	0.000000e+00	-4.50932e-04	0.000000e+00	

Index   time            a3#branch_1_0   v1#branch       v2#branch       
--------------------------------------------------------------------------------
171	6.268599e-07	0.000000e+00	-4.52216e-04	0.000000e+00	
172	6.270809e-07	0.000000e+00	-4.59823e-04	0.000000e+00	
173	6.275230e-07	0.000000e+00	-4.65013e-04	0.000000e+00	
174	6.284072e-07	0.000000e+00	-4.82436e-04	0.000000e+00	
175	6.301756e-07	0.000000e+00	-5.02198e-04	0.000000e+00	
176	6.322266e-07	0.000000e+00	-5.19331e-04	0.000000e+00	
177	6.337090e-07	0.000000e+00	-5.10336e-04	0.000000e+00	
178	6.350212e-07	0.000000e+00	-4.92442e-04	0.000000e+00	
179	6.364151e-07	0.000000e+00	-4.57510e-04	0.000000e+00	
180	6.379167e-07	0.000000e+00	-4.30096e-04	0.000000e+00	
181	6.393109e-07	0.000000e+00	-4.02526e-04	0.000000e+00	
182	6.404234e-07	0.000000e+00	-3.92897e-04	0.000000e+00	
183	6.411636e-07	0.000000e+00	-3.86858e-04	0.000000e+00	
184	6.420434e-07	0.000000e+00	-3.91180e-04	0.000000e+00	
185	6.429549e-07	0.000000e+00	-3.95759e-04	0.000000e+00	
186	6.441418e-07	0.000000e+00	-4.15427e-04	0.000000e+00	
187	6.454448e-07	0.000000e+00	-4.36612e-04	0.000000e+00	
188	6.470517e-07	0.000000e+00	-4.69148e-04	0.000000e+00	
189	6.494768e-07	0.000000e+00	-5.00278e-04	0.000000e+00	
190	6.520460e-07	0.000000e+00	-4.77207e-04	0.000000e+00	
191	6.529277e-07	0.000000e+00	-2.75561e-04	0.000000e+00	
192	6.533302e-07	0.000000e+00	-2.56527e-04	0.000000e+00	
193	6.537372e-07	0.000000e+00	-2.50215e-04	0.000000e+00	
194	6.540392e-07	0.000000e+00	-2.37579e-04	0.000000e+00	
195	6.543583e-07	0.000000e+00	-2.29781e-04	0.000000e+00	
196	6.546925e-07	0.000000e+00	-2.17602e-04	0.000000e+00	
197	6.549277e-07	0.000000e+00	-2.10803e-04	0.000000e+00	
198	6.549659e-07	0.000000e+00	-2.09373e-04	0.000000e+00	
199	6.550423e-07	0.000000e+00	-2.06751e-04	0.000000e+00	
200	6.551951e-07	0.000000e+00	-2.01965e-04	0.000000e+00	
201	6.555007e-07	0.000000e+00	-1.92627e-04	0.000000e+00	
202	6.559277e-07	0.000000e+00	-1.80800e-04	0.000000e+00	
203	6.559787e-07	0.000000e+00	-1.79440e-04	0.000000e+00	
204	6.560805e-07	0.000000e+00	-1.76825e-04	0.000000e+00	
205	6.562843e-07	0.000000e+00	-1.71819e-04	0.000000e+00	
206	6.566918e-07	0.000000e+00	-1.62584e-04	0.000000e+00	
207	6.575068e-07	0.000000e+00	-1.46235e-04	0.000000e+00	
208	6.591369e-07	0.000000e+00	-1.18478e-04	0.000000e+00	
209	6.599055e-07	0.000000e+00	-1.10409e-04	0.000000e+00	
210	6.605841e-07	0.000000e+00	-1.07009e-04	0.000000e+00	
211	6.614893e-07	0.000000e+00	-1.07715e-04	0.000000e+00	
212	6.623698e-07	0.000000e+00	-1.14132e-04	0.000000e+00	
213	6.635457e-07	0.000000e+00	-1.29955e-04	0.000000e+00	
214	6.647997e-07	0.000000e+00	-1.52720e-04	0.000000e+00	
215	6.663832e-07	0.000000e+00	-1.82408e-04	0.000000e+00	
216	6.686194e-07	0.000000e+00	-2.15967e-04	0.000000e+00	
217	6.714424e-07	0.000000e+00	-2.37343e-04	0.000000e+00	
218	6.728917e-07	0.000000e+00	-2.29029e-04	0.000000e+00	
219	6.740709e-07	0.000000e+00	-2.09283e-04	0.000000e+00	
220	6.754581e-07	0.000000e+00	-1.77278e-04	0.000000e+00	
221	6.769218e-07	0.000000e+00	-1.47649e-04	0.000000e+00	
222	6.783294e-07	0.000000e+00	-1.23448e-04	0.000000e+00	
223	6.794851e-07	0.000000e+00	-1.16887e-04	0.000000e+00	
224	6.800000e-07	0.000000e+00	-1.19314e-04	0.000000e+00	
225	6.800609e-07	0.000000e+00	-1.19899e-04	0.000000e+00	
226	6.801827e-07	0.000000e+00	-1.21133e-04	0.000000e+00	
227	6.804264e-07	0.000000e+00	-1.24111e-04	0.000000e+00	
228	6.809137e-07	0.000000e+00	-1.32339e-04	0.000000e+00	

Index   time            a3#branch_1_0   v1#branch       v2#branch       
--------------------------------------------------------------------------------
229	6.818882e-07	0.000000e+00	-1.57077e-04	0.000000e+00	
230	6.829454e-07	0.000000e+00	-1.93834e-04	0.000000e+00	
231	6.833762e-07	0.000000e+00	-2.10365e-04	0.000000e+00	
232	6.842378e-07	0.000000e+00	-2.38469e-04	0.000000e+00	
233	6.844791e-07	0.000000e+00	-2.28063e-04	0.000000e+00	
234	6.847357e-07	0.000000e+00	-3.93667e-04	0.000000e+00	
235	6.848379e-07	0.000000e+00	-4.35028e-04	0.000000e+00	
236	6.849439e-07	0.000000e+00	-4.41796e-04	0.000000e+00	
237	6.850557e-07	0.000000e+00	-4.43886e-04	0.000000e+00	
238	6.851822e-07	0.000000e+00	-4.51433e-04	0.000000e+00	
239	6.853335e-07	0.000000e+00	-4.48895e-04	0.000000e+00	
240	6.855907e-07	0.000000e+00	-4.60418e-04	0.000000e+00	
241	6.858671e-07	0.000000e+00	-4.58833e-04	0.000000e+00	
242	6.863725e-07	0.000000e+00	-4.75140e-04	0.000000e+00	
243	6.870574e-07	0.000000e+00	-4.78507e-04	0.000000e+00	
244	6.881505e-07	0.000000e+00	-5.00603e-04	0.000000e+00	
245	6.897717e-07	0.000000e+00	-5.08838e-04	0.000000e+00	
246	6.900000e-07	0.000000e+00	-5.18075e-04	0.000000e+00	
247	6.901439e-07	0.000000e+00	-5.14940e-04	0.000000e+00	
248	6.904317e-07	0.000000e+00	-5.16413e-04	0.000000e+00	
249	6.910072e-07	0.000000e+00	-5.17499e-04	0.000000e+00	
250	6.921584e-07	0.000000e+00	-5.12541e-04	0.000000e+00	
251	6.936012e-07	0.000000e+00	-4.90394e-04	0.000000e+00	
252	6.950065e-07	0.000000e+00	-4.58213e-04	0.000000e+00	
253	6.963497e-07	0.000000e+00	-4.30998e-04	0.000000e+00	
254	6.978062e-07	0.000000e+00	-4.04908e-04	0.000000e+00	
255	6.990584e-07	0.000000e+00	-3.90838e-04	0.000000e+00	
256	6.998489e-07	0.000000e+00	-3.88029e-04	0.000000e+00	
257	7.007481e-07	0.000000e+00	-3.90411e-04	0.000000e+00	
258	7.016795e-07	0.000000e+00	-3.98901e-04	0.000000e+00	
259	7.028946e-07	0.000000e+00	-4.17160e-04	0.000000e+00	
260	7.042279e-07	0.000000e+00	-4.42113e-04	0.000000e+00	
261	7.058845e-07	0.000000e+00	-4.72219e-04	0.000000e+00	
262	7.083184e-07	0.000000e+00	-5.04174e-04	0.000000e+00	
263	7.099225e-07	0.000000e+00	-5.03233e-04	0.000000e+00	
264	7.100671e-07	0.000000e+00	-5.00484e-04	0.000000e+00	
265	7.103564e-07	0.000000e+00	-4.92014e-04	0.000000e+00	
266	7.107399e-07	0.000000e+00	-4.61861e-04	0.000000e+00	
267	7.109866e-07	0.000000e+00	-4.00498e-04	0.000000e+00	
268	7.111854e-07	0.000000e+00	-3.18772e-04	0.000000e+00	
269	7.113234e-07	0.000000e+00	-2.84822e-04	0.000000e+00	
270	7.114190e-07	0.000000e+00	-2.70522e-04	0.000000e+00	
271	7.115131e-07	0.000000e+00	-2.69741e-04	0.000000e+00	
272	7.116108e-07	0.000000e+00	-2.66060e-04	0.000000e+00	
273	7.117258e-07	0.000000e+00	-2.63589e-04	0.000000e+00	
274	7.119558e-07	0.000000e+00	-2.56795e-04	0.000000e+00	
275	7.122358e-07	0.000000e+00	-2.49054e-04	0.000000e+00	
276	7.127303e-07	0.000000e+00	-2.33980e-04	0.000000e+00	
277	7.133234e-07	0.000000e+00	-2.15219e-04	0.000000e+00	
278	7.134004e-07	0.000000e+00	-2.12683e-04	0.000000e+00	
279	7.135542e-07	0.000000e+00	-2.07651e-04	0.000000e+00	
280	7.138619e-07	0.000000e+00	-1.98050e-04	0.000000e+00	
281	7.143234e-07	0.000000e+00	-1.84653e-04	0.000000e+00	
282	7.143850e-07	0.000000e+00	-1.83009e-04	0.000000e+00	
283	7.145080e-07	0.000000e+00	-1.79755e-04	0.000000e+00	
284	7.147542e-07	0.000000e+00	-1.73547e-04	0.000000e+00	
285	7.152465e-07	0.000000e+00	-1.62319e-04	0.000000e+00	
286	7.162311e-07	0.000000e+00	-1.42800e-04	0.000000e+00	

Index   time            a3#branch_1_0   v1#branch       v2#branch       
--------------------------------------------------------------------------------
287	7.180076e-07	0.000000e+00	-1.14464e-04	0.000000e+00	
288	7.188383e-07	0.000000e+00	-1.07856e-04	0.000000e+00	
289	7.195848e-07	0.000000e+00	-1.06468e-04	0.000000e+00	
290	7.204793e-07	0.000000e+00	-1.10049e-04	0.000000e+00	
291	7.214820e-07	0.000000e+00	-1.20651e-04	0.000000e+00	
292	7.227116e-07	0.000000e+00	-1.40484e-04	0.000000e+00	
293	7.241119e-07	0.000000e+00	-1.67217e-04	0.000000e+00	
294	7.258338e-07	0.000000e+00	-1.97297e-04	0.000000e+00	
295	7.283318e-07	0.000000e+00	-2.28481e-04	0.000000e+00	
296	7.304454e-07	0.000000e+00	-2.36180e-04	0.000000e+00	
297	7.317686e-07	0.000000e+00	-2.24472e-04	0.000000e+00	
298	7.330435e-07	0.000000e+00	-1.99239e-04	0.000000e+00	
299	7.345523e-07	0.000000e+00	-1.65531e-04	0.000000e+00	
300	7.359602e-07	0.000000e+00	-1.38353e-04	0.000000e+00	
301	7.373685e-07	0.000000e+00	-1.18405e-04	0.000000e+00	
302	7.382153e-07	0.000000e+00	-1.17438e-04	0.000000e+00	
303	7.389500e-07	0.000000e+00	-1.23691e-04	0.000000e+00	
304	7.398374e-07	0.000000e+00	-1.40785e-04	0.000000e+00	
305	7.408062e-07	0.000000e+00	-1.69039e-04	0.000000e+00	
306	7.420161e-07	0.000000e+00	-2.13835e-04	0.000000e+00	
307	7.424699e-07	0.000000e+00	-2.30217e-04	0.000000e+00	
308	7.427584e-07	0.000000e+00	-2.38903e-04	0.000000e+00	
309	7.428305e-07	0.000000e+00	-2.40507e-04	0.000000e+00	
310	7.429748e-07	0.000000e+00	-2.42004e-04	0.000000e+00	
311	7.430640e-07	0.000000e+00	-2.38706e-04	0.000000e+00	
312	7.431595e-07	0.000000e+00	-2.30229e-04	0.000000e+00	
313	7.432875e-07	0.000000e+00	-3.07716e-04	0.000000e+00	
314	7.433512e-07	0.000000e+00	-3.87408e-04	0.000000e+00	
315	7.434165e-07	0.000000e+00	-4.31269e-04	0.000000e+00	
316	7.434865e-07	0.000000e+00	-4.32226e-04	0.000000e+00	
317	7.435601e-07	0.000000e+00	-4.47261e-04	0.000000e+00	
318	7.436911e-07	0.000000e+00	-4.44010e-04	0.000000e+00	
319	7.438114e-07	0.000000e+00	-4.54297e-04	0.000000e+00	
320	7.440496e-07	0.000000e+00	-4.51677e-04	0.000000e+00	
321	7.442834e-07	0.000000e+00	-4.63695e-04	0.000000e+00	
322	7.447509e-07	0.000000e+00	-4.64892e-04	0.000000e+00	
323	7.456860e-07	0.000000e+00	-4.87076e-04	0.000000e+00	
324	7.475563e-07	0.000000e+00	-5.02781e-04	0.000000e+00	
325	7.498231e-07	0.000000e+00	-5.21686e-04	0.000000e+00	
326	7.513237e-07	0.000000e+00	-5.02274e-04	0.000000e+00	
327	7.526064e-07	0.000000e+00	-4.84059e-04	0.000000e+00	
328	7.541403e-07	0.000000e+00	-4.42693e-04	0.000000e+00	
329	7.555314e-07	0.000000e+00	-4.23083e-04	0.000000e+00	
330	7.569758e-07	0.000000e+00	-3.93203e-04	0.000000e+00	
331	7.578011e-07	0.000000e+00	-3.93528e-04	0.000000e+00	
332	7.585466e-07	0.000000e+00	-3.84602e-04	0.000000e+00	
333	7.594386e-07	0.000000e+00	-3.95019e-04	0.000000e+00	
334	7.604365e-07	0.000000e+00	-3.98003e-04	0.000000e+00	
335	7.616583e-07	0.000000e+00	-4.24555e-04	0.000000e+00	
336	7.630536e-07	0.000000e+00	-4.43790e-04	0.000000e+00	
337	7.647583e-07	0.000000e+00	-4.80998e-04	0.000000e+00	
338	7.672518e-07	0.000000e+00	-5.03302e-04	0.000000e+00	
339	7.682018e-07	0.000000e+00	-5.10132e-04	0.000000e+00	
340	7.690053e-07	0.000000e+00	-4.83439e-04	0.000000e+00	
341	7.693404e-07	0.000000e+00	-4.57140e-04	0.000000e+00	
342	7.696290e-07	0.000000e+00	-3.62563e-04	0.000000e+00	
343	7.698409e-07	0.000000e+00	-2.88256e-04	0.000000e+00	
344	7.699505e-07	0.000000e+00	-2.71094e-04	0.000000e+00	

Index   time            a3#branch_1_0   v1#branch       v2#branch       
--------------------------------------------------------------------------------
345	7.700602e-07	0.000000e+00	-2.71347e-04	0.000000e+00	
346	7.701763e-07	0.000000e+00	-2.63807e-04	0.000000e+00	
347	7.703063e-07	0.000000e+00	-2.64983e-04	0.000000e+00	
348	7.705070e-07	0.000000e+00	-2.54710e-04	0.000000e+00	
349	7.708055e-07	0.000000e+00	-2.50774e-04	0.000000e+00	
350	7.712742e-07	0.000000e+00	-2.32093e-04	0.000000e+00	
351	7.720537e-07	0.000000e+00	-2.11692e-04	0.000000e+00	
352	7.733153e-07	0.000000e+00	-1.71136e-04	0.000000e+00	
353	7.746862e-07	0.000000e+00	-1.46968e-04	0.000000e+00	
354	7.750000e-07	0.000000e+00	-1.36577e-04	0.000000e+00	
355	7.751509e-07	0.000000e+00	-1.36072e-04	0.000000e+00	
356	7.754526e-07	0.000000e+00	-1.30730e-04	0.000000e+00	
357	7.760561e-07	0.000000e+00	-1.20962e-04	0.000000e+00	
358	7.768789e-07	0.000000e+00	-1.11457e-04	0.000000e+00	
359	7.776717e-07	0.000000e+00	-1.06916e-04	0.000000e+00	
360	7.785150e-07	0.000000e+00	-1.07338e-04	0.000000e+00	
361	7.794258e-07	0.000000e+00	-1.13463e-04	0.000000e+00	
362	7.805378e-07	0.000000e+00	-1.28023e-04	0.000000e+00	
363	7.818100e-07	0.000000e+00	-1.50674e-04	0.000000e+00	
364	7.833365e-07	0.000000e+00	-1.79627e-04	0.000000e+00	
365	7.850000e-07	0.000000e+00	-2.06290e-04	0.000000e+00	
366	7.852126e-07	0.000000e+00	-2.09088e-04	0.000000e+00	
367	7.856379e-07	0.000000e+00	-2.14388e-04	0.000000e+00	
368	7.864884e-07	0.000000e+00	-2.23643e-04	0.000000e+00	
369	7.881313e-07	0.000000e+00	-2.35304e-04	0.000000e+00	
370	7.897061e-07	0.000000e+00	-2.31007e-04	0.000000e+00	
371	7.910697e-07	0.000000e+00	-2.10608e-04	0.000000e+00	
372	7.924198e-07	0.000000e+00	-1.79696e-04	0.000000e+00	
373	7.939038e-07	0.000000e+00	-1.49425e-04	0.000000e+00	
374	7.952784e-07	0.000000e+00	-1.25098e-04	0.000000e+00	
375	7.967438e-07	0.000000e+00	-1.17001e-04	0.000000e+00	
376	7.975898e-07	0.000000e+00	-1.24737e-04	0.000000e+00	
377	7.985109e-07	0.000000e+00	-1.43584e-04	0.000000e+00	
378	7.994606e-07	0.000000e+00	-1.72487e-04	0.000000e+00	
379	8.007116e-07	0.000000e+00	-2.19023e-04	0.000000e+00	
380	8.011816e-07	0.000000e+00	-2.35211e-04	0.000000e+00	
381	8.012990e-07	0.000000e+00	-2.38418e-04	0.000000e+00	
382	8.015340e-07	0.000000e+00	-2.40793e-04	0.000000e+00	
383	8.015592e-07	0.000000e+00	-2.39929e-04	0.000000e+00	
384	8.016096e-07	0.000000e+00	-2.36871e-04	0.000000e+00	
385	8.017103e-07	0.000000e+00	-2.31384e-04	0.000000e+00	
386	8.018232e-07	0.000000e+00	-3.08384e-04	0.000000e+00	
387	8.018812e-07	0.000000e+00	-3.83180e-04	0.000000e+00	
388	8.019423e-07	0.000000e+00	-4.27995e-04	0.000000e+00	
389	8.020084e-07	0.000000e+00	-4.30619e-04	0.000000e+00	
390	8.020777e-07	0.000000e+00	-4.45298e-04	0.000000e+00	
391	8.022024e-07	0.000000e+00	-4.43272e-04	0.000000e+00	
392	8.023195e-07	0.000000e+00	-4.52852e-04	0.000000e+00	
393	8.025421e-07	0.000000e+00	-4.50798e-04	0.000000e+00	
394	8.027598e-07	0.000000e+00	-4.61771e-04	0.000000e+00	
395	8.031951e-07	0.000000e+00	-4.63305e-04	0.000000e+00	
396	8.040659e-07	0.000000e+00	-4.84065e-04	0.000000e+00	
397	8.058073e-07	0.000000e+00	-5.00019e-04	0.000000e+00	
398	8.079779e-07	0.000000e+00	-5.21300e-04	0.000000e+00	
399	8.094871e-07	0.000000e+00	-5.07431e-04	0.000000e+00	
400	8.107849e-07	0.000000e+00	-4.92159e-04	0.000000e+00	
401	8.121739e-07	0.000000e+00	-4.53760e-04	0.000000e+00	
402	8.136637e-07	0.000000e+00	-4.30406e-04	0.000000e+00	

Index   time            a3#branch_1_0   v1#branch       v2#branch       
--------------------------------------------------------------------------------
403	8.150621e-07	0.000000e+00	-3.99509e-04	0.000000e+00	
404	8.160721e-07	0.000000e+00	-3.94843e-04	0.000000e+00	
405	8.167923e-07	0.000000e+00	-3.85142e-04	0.000000e+00	
406	8.177548e-07	0.000000e+00	-3.93217e-04	0.000000e+00	
407	8.186353e-07	0.000000e+00	-3.94102e-04	0.000000e+00	
408	8.198725e-07	0.000000e+00	-4.18299e-04	0.000000e+00	
409	8.211477e-07	0.000000e+00	-4.35476e-04	0.000000e+00	
410	8.228004e-07	0.000000e+00	-4.72341e-04	0.000000e+00	
411	8.251842e-07	0.000000e+00	-4.98832e-04	0.000000e+00	
412	8.273383e-07	0.000000e+00	-4.99330e-04	0.000000e+00	
413	8.274513e-07	0.000000e+00	-4.92423e-04	0.000000e+00	
414	8.276772e-07	0.000000e+00	-4.81093e-04	0.000000e+00	
415	8.279324e-07	0.000000e+00	-4.46981e-04	0.000000e+00	
416	8.281087e-07	0.000000e+00	-3.98100e-04	0.000000e+00	
417	8.282889e-07	0.000000e+00	-3.26501e-04	0.000000e+00	
418	8.284272e-07	0.000000e+00	-2.85186e-04	0.000000e+00	
419	8.285198e-07	0.000000e+00	-2.72681e-04	0.000000e+00	
420	8.286105e-07	0.000000e+00	-2.69518e-04	0.000000e+00	
421	8.287050e-07	0.000000e+00	-2.67293e-04	0.000000e+00	
422	8.288240e-07	0.000000e+00	-2.63552e-04	0.000000e+00	
423	8.290309e-07	0.000000e+00	-2.58518e-04	0.000000e+00	
424	8.293109e-07	0.000000e+00	-2.49671e-04	0.000000e+00	
425	8.297857e-07	0.000000e+00	-2.36345e-04	0.000000e+00	
426	8.304272e-07	0.000000e+00	-2.14955e-04	0.000000e+00	
427	8.305025e-07	0.000000e+00	-2.13018e-04	0.000000e+00	
428	8.306532e-07	0.000000e+00	-2.08079e-04	0.000000e+00	
429	8.309547e-07	0.000000e+00	-1.98639e-04	0.000000e+00	
430	8.314272e-07	0.000000e+00	-1.84875e-04	0.000000e+00	
431	8.314874e-07	0.000000e+00	-1.83260e-04	0.000000e+00	
432	8.316080e-07	0.000000e+00	-1.80061e-04	0.000000e+00	
433	8.318492e-07	0.000000e+00	-1.73954e-04	0.000000e+00	
434	8.323314e-07	0.000000e+00	-1.62889e-04	0.000000e+00	
435	8.332960e-07	0.000000e+00	-1.43670e-04	0.000000e+00	
436	8.350884e-07	0.000000e+00	-1.14810e-04	0.000000e+00	
437	8.359170e-07	0.000000e+00	-1.08041e-04	0.000000e+00	
438	8.366576e-07	0.000000e+00	-1.06482e-04	0.000000e+00	
439	8.375519e-07	0.000000e+00	-1.09828e-04	0.000000e+00	
440	8.385437e-07	0.000000e+00	-1.20058e-04	0.000000e+00	
441	8.397685e-07	0.000000e+00	-1.39572e-04	0.000000e+00	
442	8.411562e-07	0.000000e+00	-1.66018e-04	0.000000e+00	
443	8.428587e-07	0.000000e+00	-1.96009e-04	0.000000e+00	
444	8.453437e-07	0.000000e+00	-2.27610e-04	0.000000e+00	
445	8.475156e-07	0.000000e+00	-2.36331e-04	0.000000e+00	
446	8.488461e-07	0.000000e+00	-2.24936e-04	0.000000e+00	
447	8.500000e-07	0.000000e+00	-2.02821e-04	0.000000e+00	
448	8.501819e-07	0.000000e+00	-1.98558e-04	0.000000e+00	
449	8.505456e-07	0.000000e+00	-1.89972e-04	0.000000e+00	
450	8.512730e-07	0.000000e+00	-1.73629e-04	0.000000e+00	
451	8.527174e-07	0.000000e+00	-1.44869e-04	0.000000e+00	
452	8.541941e-07	0.000000e+00	-1.20940e-04	0.000000e+00	
453	8.551264e-07	0.000000e+00	-1.16994e-04	0.000000e+00	
454	8.558344e-07	0.000000e+00	-1.21172e-04	0.000000e+00	
455	8.567694e-07	0.000000e+00	-1.36889e-04	0.000000e+00	
456	8.576606e-07	0.000000e+00	-1.60995e-04	0.000000e+00	
457	8.588755e-07	0.000000e+00	-2.04671e-04	0.000000e+00	
458	8.592920e-07	0.000000e+00	-2.20406e-04	0.000000e+00	
459	8.595405e-07	0.000000e+00	-2.29240e-04	0.000000e+00	
460	8.600000e-07	0.000000e+00	-2.40498e-04	0.000000e+00	

Index   time            a3#branch_1_0   v1#branch       v2#branch       
--------------------------------------------------------------------------------
461	8.600497e-07	0.000000e+00	-2.40220e-04	0.000000e+00	
462	8.601491e-07	0.000000e+00	-2.35113e-04	0.000000e+00	
463	8.602407e-07	0.000000e+00	-2.31337e-04	0.000000e+00	
464	8.603863e-07	0.000000e+00	-3.48201e-04	0.000000e+00	
465	8.604451e-07	0.000000e+00	-4.04252e-04	0.000000e+00	
466	8.605260e-07	0.000000e+00	-4.38889e-04	0.000000e+00	
467	8.606076e-07	0.000000e+00	-4.33559e-04	0.000000e+00	
468	8.606949e-07	0.000000e+00	-4.52533e-04	0.000000e+00	
469	8.608277e-07	0.000000e+00	-4.41073e-04	0.000000e+00	
470	8.609986e-07	0.000000e+00	-4.60070e-04	0.000000e+00	
471	8.612379e-07	0.000000e+00	-4.49484e-04	0.000000e+00	
472	8.616743e-07	0.000000e+00	-4.73240e-04	0.000000e+00	
473	8.625471e-07	0.000000e+00	-4.72081e-04	0.000000e+00	
474	8.642926e-07	0.000000e+00	-5.10472e-04	0.000000e+00	
475	8.663262e-07	0.000000e+00	-5.09836e-04	0.000000e+00	
476	8.678076e-07	0.000000e+00	-5.20781e-04	0.000000e+00	
477	8.691224e-07	0.000000e+00	-4.85677e-04	0.000000e+00	
478	8.705211e-07	0.000000e+00	-4.69280e-04	0.000000e+00	
479	8.720280e-07	0.000000e+00	-4.22892e-04	0.000000e+00	
480	8.734264e-07	0.000000e+00	-4.13380e-04	0.000000e+00	
481	8.747021e-07	0.000000e+00	-3.83202e-04	0.000000e+00	
482	8.754861e-07	0.000000e+00	-3.95966e-04	0.000000e+00	
483	8.763774e-07	0.000000e+00	-3.82526e-04	0.000000e+00	
484	8.773046e-07	0.000000e+00	-4.06465e-04	0.000000e+00	
485	8.785096e-07	0.000000e+00	-4.08706e-04	0.000000e+00	
486	8.798399e-07	0.000000e+00	-4.49190e-04	0.000000e+00	
487	8.814818e-07	0.000000e+00	-4.63471e-04	0.000000e+00	
488	8.839169e-07	0.000000e+00	-5.11554e-04	0.000000e+00	
489	8.857764e-07	0.000000e+00	-4.91625e-04	0.000000e+00	
490	8.864530e-07	0.000000e+00	-4.55109e-04	0.000000e+00	
491	8.868582e-07	0.000000e+00	-2.78149e-04	0.000000e+00	
492	8.870329e-07	0.000000e+00	-2.80715e-04	0.000000e+00	
493	8.871932e-07	0.000000e+00	-2.60678e-04	0.000000e+00	
494	8.873238e-07	0.000000e+00	-2.72717e-04	0.000000e+00	
495	8.874635e-07	0.000000e+00	-2.53884e-04	0.000000e+00	
496	8.876482e-07	0.000000e+00	-2.63389e-04	0.000000e+00	
497	8.878880e-07	0.000000e+00	-2.41925e-04	0.000000e+00	
498	8.882819e-07	0.000000e+00	-2.44681e-04	0.000000e+00	
499	8.888582e-07	0.000000e+00	-2.11939e-04	0.000000e+00	
500	8.889169e-07	0.000000e+00	-2.17305e-04	0.000000e+00	
501	8.890342e-07	0.000000e+00	-2.13465e-04	0.000000e+00	
502	8.892688e-07	0.000000e+00	-2.05915e-04	0.000000e+00	
503	8.897381e-07	0.000000e+00	-1.91545e-04	0.000000e+00	
504	8.898582e-07	0.000000e+00	-1.88143e-04	0.000000e+00	
505	8.899520e-07	0.000000e+00	-1.85517e-04	0.000000e+00	
506	8.901398e-07	0.000000e+00	-1.80467e-04	0.000000e+00	
507	8.905152e-07	0.000000e+00	-1.71099e-04	0.000000e+00	
508	8.912660e-07	0.000000e+00	-1.54861e-04	0.000000e+00	
509	8.927677e-07	0.000000e+00	-1.27057e-04	0.000000e+00	
510	8.939662e-07	0.000000e+00	-1.11531e-04	0.000000e+00	
511	8.947112e-07	0.000000e+00	-1.07103e-04	0.000000e+00	
512	8.955169e-07	0.000000e+00	-1.07000e-04	0.000000e+00	
513	8.963942e-07	0.000000e+00	-1.12234e-04	0.000000e+00	
514	8.974923e-07	0.000000e+00	-1.25750e-04	0.000000e+00	
515	8.987375e-07	0.000000e+00	-1.47439e-04	0.000000e+00	
516	9.000000e-07	0.000000e+00	-1.71631e-04	0.000000e+00	
517	9.001503e-07	0.000000e+00	-1.74382e-04	0.000000e+00	
518	9.004509e-07	0.000000e+00	-1.79907e-04	0.000000e+00	

Index   time            a3#branch_1_0   v1#branch       v2#branch       
--------------------------------------------------------------------------------
519	9.010522e-07	0.000000e+00	-1.90377e-04	0.000000e+00	
520	9.022547e-07	0.000000e+00	-2.08424e-04	0.000000e+00	
521	9.046597e-07	0.000000e+00	-2.33355e-04	0.000000e+00	
522	9.066597e-07	0.000000e+00	-2.32843e-04	0.000000e+00	
523	9.067597e-07	0.000000e+00	-2.31982e-04	0.000000e+00	
524	9.069597e-07	0.000000e+00	-2.30007e-04	0.000000e+00	
525	9.073597e-07	0.000000e+00	-2.25061e-04	0.000000e+00	
526	9.076597e-07	0.000000e+00	-2.20443e-04	0.000000e+00	
527	9.077397e-07	0.000000e+00	-2.19086e-04	0.000000e+00	
528	9.078997e-07	0.000000e+00	-2.16185e-04	0.000000e+00	
529	9.082197e-07	0.000000e+00	-2.09735e-04	0.000000e+00	
530	9.088597e-07	0.000000e+00	-1.94975e-04	0.000000e+00	
531	9.100000e-07	0.000000e+00	-1.69415e-04	0.000000e+00	
532	9.101280e-07	0.000000e+00	-1.66771e-04	0.000000e+00	
533	9.103840e-07	0.000000e+00	-1.61575e-04	0.000000e+00	
534	9.108960e-07	0.000000e+00	-1.51552e-04	0.000000e+00	
535	9.119200e-07	0.000000e+00	-1.32642e-04	0.000000e+00	
536	9.129631e-07	0.000000e+00	-1.18727e-04	0.000000e+00	
537	9.138068e-07	0.000000e+00	-1.17462e-04	0.000000e+00	
538	9.145869e-07	0.000000e+00	-1.23764e-04	0.000000e+00	
539	9.154555e-07	0.000000e+00	-1.40570e-04	0.000000e+00	
540	9.164439e-07	0.000000e+00	-1.69170e-04	0.000000e+00	
541	9.176339e-07	0.000000e+00	-2.13372e-04	0.000000e+00	
542	9.180853e-07	0.000000e+00	-2.29581e-04	0.000000e+00	
543	9.183724e-07	0.000000e+00	-2.38518e-04	0.000000e+00	
544	9.185434e-07	0.000000e+00	-2.41899e-04	0.000000e+00	
545	9.186563e-07	0.000000e+00	-2.41394e-04	0.000000e+00	
546	9.187494e-07	0.000000e+00	-2.33698e-04	0.000000e+00	
547	9.188526e-07	0.000000e+00	-2.45459e-04	0.000000e+00	
548	9.189837e-07	0.000000e+00	-3.77490e-04	0.000000e+00	
549	9.190493e-07	0.000000e+00	-4.22358e-04	0.000000e+00	
550	9.191286e-07	0.000000e+00	-4.39568e-04	0.000000e+00	
551	9.192030e-07	0.000000e+00	-4.38978e-04	0.000000e+00	
552	9.193035e-07	0.000000e+00	-4.51637e-04	0.000000e+00	
553	9.194199e-07	0.000000e+00	-4.44973e-04	0.000000e+00	
554	9.196166e-07	0.000000e+00	-4.59076e-04	0.000000e+00	
555	9.198431e-07	0.000000e+00	-4.53528e-04	0.000000e+00	
556	9.202960e-07	0.000000e+00	-4.72189e-04	0.000000e+00	
557	9.211582e-07	0.000000e+00	-4.75880e-04	0.000000e+00	
558	9.228306e-07	0.000000e+00	-5.07873e-04	0.000000e+00	
559	9.248508e-07	0.000000e+00	-5.12381e-04	0.000000e+00	
560	9.263467e-07	0.000000e+00	-5.18083e-04	0.000000e+00	
561	9.276647e-07	0.000000e+00	-4.88025e-04	0.000000e+00	
562	9.290625e-07	0.000000e+00	-4.66448e-04	0.000000e+00	
563	9.305688e-07	0.000000e+00	-4.25284e-04	0.000000e+00	
564	9.319645e-07	0.000000e+00	-4.10679e-04	0.000000e+00	
565	9.332254e-07	0.000000e+00	-3.85827e-04	0.000000e+00	
566	9.340041e-07	0.000000e+00	-3.93399e-04	0.000000e+00	
567	9.348947e-07	0.000000e+00	-3.85006e-04	0.000000e+00	
568	9.358210e-07	0.000000e+00	-4.03727e-04	0.000000e+00	
569	9.370207e-07	0.000000e+00	-4.10911e-04	0.000000e+00	
570	9.383507e-07	0.000000e+00	-4.46248e-04	0.000000e+00	
571	9.399844e-07	0.000000e+00	-4.65543e-04	0.000000e+00	
572	9.424216e-07	0.000000e+00	-5.08771e-04	0.000000e+00	
573	9.444003e-07	0.000000e+00	-4.91845e-04	0.000000e+00	
574	9.450000e-07	0.000000e+00	-4.49988e-04	0.000000e+00	
575	9.450054e-07	0.000000e+00	-4.43465e-04	0.000000e+00	
576	9.450162e-07	0.000000e+00	-4.41579e-04	0.000000e+00	

Index   time            a3#branch_1_0   v1#branch       v2#branch       
--------------------------------------------------------------------------------
577	9.450378e-07	0.000000e+00	-4.37155e-04	0.000000e+00	
578	9.450811e-07	0.000000e+00	-4.26409e-04	0.000000e+00	
579	9.451675e-07	0.000000e+00	-4.01564e-04	0.000000e+00	
580	9.453405e-07	0.000000e+00	-3.37498e-04	0.000000e+00	
581	9.454931e-07	0.000000e+00	-2.85285e-04	0.000000e+00	
582	9.455873e-07	0.000000e+00	-2.74217e-04	0.000000e+00	
583	9.456820e-07	0.000000e+00	-2.69189e-04	0.000000e+00	
584	9.457805e-07	0.000000e+00	-2.67735e-04	0.000000e+00	
585	9.459065e-07	0.000000e+00	-2.63183e-04	0.000000e+00	
586	9.460820e-07	0.000000e+00	-2.59596e-04	0.000000e+00	
587	9.463848e-07	0.000000e+00	-2.49575e-04	0.000000e+00	
588	9.468327e-07	0.000000e+00	-2.37626e-04	0.000000e+00	
589	9.476054e-07	0.000000e+00	-2.11511e-04	0.000000e+00	
590	9.488823e-07	0.000000e+00	-1.75911e-04	0.000000e+00	
591	9.502583e-07	0.000000e+00	-1.45210e-04	0.000000e+00	
592	9.517694e-07	0.000000e+00	-1.20605e-04	0.000000e+00	
593	9.527459e-07	0.000000e+00	-1.08796e-04	0.000000e+00	
594	9.534642e-07	0.000000e+00	-1.07293e-04	0.000000e+00	
595	9.543984e-07	0.000000e+00	-1.07528e-04	0.000000e+00	
596	9.550000e-07	0.000000e+00	-1.13573e-04	0.000000e+00	
597	9.550888e-07	0.000000e+00	-1.13643e-04	0.000000e+00	
598	9.552663e-07	0.000000e+00	-1.15567e-04	0.000000e+00	
599	9.556215e-07	0.000000e+00	-1.19875e-04	0.000000e+00	
600	9.563207e-07	0.000000e+00	-1.30414e-04	0.000000e+00	
601	9.577193e-07	0.000000e+00	-1.55889e-04	0.000000e+00	
602	9.591694e-07	0.000000e+00	-1.83133e-04	0.000000e+00	
603	9.600000e-07	0.000000e+00	-1.96943e-04	0.000000e+00	
604	9.602719e-07	0.000000e+00	-2.00963e-04	0.000000e+00	
605	9.608156e-07	0.000000e+00	-2.08553e-04	0.000000e+00	
606	9.619030e-07	0.000000e+00	-2.21418e-04	0.000000e+00	
607	9.636111e-07	0.000000e+00	-2.34783e-04	0.000000e+00	
608	9.651495e-07	0.000000e+00	-2.32582e-04	0.000000e+00	
609	9.665045e-07	0.000000e+00	-2.14576e-04	0.000000e+00	
610	9.678652e-07	0.000000e+00	-1.83890e-04	0.000000e+00	
611	9.693681e-07	0.000000e+00	-1.52661e-04	0.000000e+00	
612	9.700000e-07	0.000000e+00	-1.40750e-04	0.000000e+00	
613	9.701372e-07	0.000000e+00	-1.38241e-04	0.000000e+00	
614	9.704116e-07	0.000000e+00	-1.33345e-04	0.000000e+00	
615	9.709603e-07	0.000000e+00	-1.24382e-04	0.000000e+00	
616	9.717985e-07	0.000000e+00	-1.17128e-04	0.000000e+00	
617	9.725365e-07	0.000000e+00	-1.17943e-04	0.000000e+00	
618	9.733391e-07	0.000000e+00	-1.26880e-04	0.000000e+00	
619	9.742130e-07	0.000000e+00	-1.45672e-04	0.000000e+00	
620	9.752674e-07	0.000000e+00	-1.78976e-04	0.000000e+00	
621	9.764833e-07	0.000000e+00	-2.24392e-04	0.000000e+00	
622	9.766214e-07	0.000000e+00	-2.29178e-04	0.000000e+00	
623	9.768975e-07	0.000000e+00	-2.37834e-04	0.000000e+00	
624	9.769666e-07	0.000000e+00	-2.39548e-04	0.000000e+00	
625	9.771046e-07	0.000000e+00	-2.42014e-04	0.000000e+00	
626	9.771918e-07	0.000000e+00	-2.41686e-04	0.000000e+00	
627	9.772958e-07	0.000000e+00	-2.33750e-04	0.000000e+00	
628	9.773989e-07	0.000000e+00	-2.45144e-04	0.000000e+00	
629	9.775330e-07	0.000000e+00	-3.79382e-04	0.000000e+00	
630	9.776000e-07	0.000000e+00	-4.23481e-04	0.000000e+00	
631	9.776806e-07	0.000000e+00	-4.39843e-04	0.000000e+00	
632	9.777562e-07	0.000000e+00	-4.39417e-04	0.000000e+00	
633	9.778590e-07	0.000000e+00	-4.51697e-04	0.000000e+00	
634	9.779760e-07	0.000000e+00	-4.45242e-04	0.000000e+00	

Index   time            a3#branch_1_0   v1#branch       v2#branch       
--------------------------------------------------------------------------------
635	9.781772e-07	0.000000e+00	-4.59172e-04	0.000000e+00	
636	9.784078e-07	0.000000e+00	-4.53927e-04	0.000000e+00	
637	9.788690e-07	0.000000e+00	-4.72489e-04	0.000000e+00	
638	9.797290e-07	0.000000e+00	-4.76306e-04	0.000000e+00	
639	9.813624e-07	0.000000e+00	-5.07556e-04	0.000000e+00	
640	9.834026e-07	0.000000e+00	-5.12476e-04	0.000000e+00	
641	9.849107e-07	0.000000e+00	-5.17769e-04	0.000000e+00	
642	9.862271e-07	0.000000e+00	-4.87728e-04	0.000000e+00	
643	9.876231e-07	0.000000e+00	-4.65955e-04	0.000000e+00	
644	9.891271e-07	0.000000e+00	-4.25101e-04	0.000000e+00	
645	9.905230e-07	0.000000e+00	-4.10337e-04	0.000000e+00	
646	9.917590e-07	0.000000e+00	-3.85995e-04	0.000000e+00	
647	9.925312e-07	0.000000e+00	-3.93309e-04	0.000000e+00	
648	9.934200e-07	0.000000e+00	-3.85003e-04	0.000000e+00	
649	9.943441e-07	0.000000e+00	-4.03386e-04	0.000000e+00	
650	9.955398e-07	0.000000e+00	-4.10588e-04	0.000000e+00	
651	9.968661e-07	0.000000e+00	-4.45608e-04	0.000000e+00	
652	9.984931e-07	0.000000e+00	-4.65055e-04	0.000000e+00	
653	1.000000e-06	0.000000e+00	-4.97824e-04	0.000000e+00	

           * d:\esim\esim_workspace\masterslavedff\masterslavedff.cir
           Transient Analysis  Sat Oct 08 10:45:48  2022
--------------------------------------------------------------------------------
Index   time            v3#branch       
--------------------------------------------------------------------------------
0	5.003262e-07	0.000000e+00	
1	5.017230e-07	0.000000e+00	
2	5.031409e-07	0.000000e+00	
3	5.039908e-07	0.000000e+00	
4	5.047265e-07	0.000000e+00	
5	5.056134e-07	0.000000e+00	
6	5.065827e-07	0.000000e+00	
7	5.077928e-07	0.000000e+00	
8	5.083254e-07	0.000000e+00	
9	5.086445e-07	0.000000e+00	
10	5.088590e-07	0.000000e+00	
11	5.090212e-07	0.000000e+00	
12	5.090970e-07	0.000000e+00	
13	5.091834e-07	0.000000e+00	
14	5.092734e-07	0.000000e+00	
15	5.093677e-07	0.000000e+00	
16	5.094972e-07	0.000000e+00	
17	5.096819e-07	0.000000e+00	
18	5.099415e-07	0.000000e+00	
19	5.100000e-07	0.000000e+00	
20	5.100507e-07	0.000000e+00	
21	5.101520e-07	0.000000e+00	
22	5.103546e-07	0.000000e+00	
23	5.107598e-07	0.000000e+00	
24	5.115702e-07	0.000000e+00	
25	5.131911e-07	0.000000e+00	
26	5.150318e-07	0.000000e+00	
27	5.164992e-07	0.000000e+00	
28	5.178434e-07	0.000000e+00	
29	5.192323e-07	0.000000e+00	
30	5.200000e-07	0.000000e+00	
31	5.201510e-07	0.000000e+00	
32	5.204529e-07	0.000000e+00	
33	5.210567e-07	0.000000e+00	
34	5.222643e-07	0.000000e+00	
35	5.229396e-07	0.000000e+00	
36	5.236104e-07	0.000000e+00	
37	5.245225e-07	0.000000e+00	
38	5.253640e-07	0.000000e+00	
39	5.264958e-07	0.000000e+00	
40	5.276845e-07	0.000000e+00	
41	5.292047e-07	0.000000e+00	
42	5.310102e-07	0.000000e+00	
43	5.336612e-07	0.000000e+00	
44	5.347200e-07	0.000000e+00	
45	5.352855e-07	0.000000e+00	
46	5.359107e-07	0.000000e+00	
47	5.361530e-07	0.000000e+00	
48	5.364591e-07	0.000000e+00	
49	5.367098e-07	0.000000e+00	
50	5.369709e-07	0.000000e+00	
51	5.373086e-07	0.000000e+00	
52	5.376996e-07	0.000000e+00	
53	5.379107e-07	0.000000e+00	
54	5.379709e-07	0.000000e+00	

Index   time            v3#branch       
--------------------------------------------------------------------------------
55	5.380915e-07	0.000000e+00	
56	5.383326e-07	0.000000e+00	
57	5.388147e-07	0.000000e+00	
58	5.389107e-07	0.000000e+00	
59	5.390071e-07	0.000000e+00	
60	5.392000e-07	0.000000e+00	
61	5.395857e-07	0.000000e+00	
62	5.403571e-07	0.000000e+00	
63	5.419000e-07	0.000000e+00	
64	5.426437e-07	0.000000e+00	
65	5.433159e-07	0.000000e+00	
66	5.442300e-07	0.000000e+00	
67	5.450818e-07	0.000000e+00	
68	5.462420e-07	0.000000e+00	
69	5.474581e-07	0.000000e+00	
70	5.490149e-07	0.000000e+00	
71	5.509872e-07	0.000000e+00	
72	5.537194e-07	0.000000e+00	
73	5.553643e-07	0.000000e+00	
74	5.565913e-07	0.000000e+00	
75	5.579467e-07	0.000000e+00	
76	5.594238e-07	0.000000e+00	
77	5.608421e-07	0.000000e+00	
78	5.622309e-07	0.000000e+00	
79	5.630302e-07	0.000000e+00	
80	5.638676e-07	0.000000e+00	
81	5.647670e-07	0.000000e+00	
82	5.659135e-07	0.000000e+00	
83	5.660423e-07	0.000000e+00	
84	5.662999e-07	0.000000e+00	
85	5.668151e-07	0.000000e+00	
86	5.670522e-07	0.000000e+00	
87	5.672039e-07	0.000000e+00	
88	5.673072e-07	0.000000e+00	
89	5.674045e-07	0.000000e+00	
90	5.674993e-07	0.000000e+00	
91	5.676471e-07	0.000000e+00	
92	5.677072e-07	0.000000e+00	
93	5.677881e-07	0.000000e+00	
94	5.678653e-07	0.000000e+00	
95	5.679577e-07	0.000000e+00	
96	5.680800e-07	0.000000e+00	
97	5.682585e-07	0.000000e+00	
98	5.684839e-07	0.000000e+00	
99	5.689347e-07	0.000000e+00	
100	5.698361e-07	0.000000e+00	
101	5.716391e-07	0.000000e+00	
102	5.736818e-07	0.000000e+00	
103	5.751556e-07	0.000000e+00	
104	5.764681e-07	0.000000e+00	
105	5.778631e-07	0.000000e+00	
106	5.793639e-07	0.000000e+00	
107	5.807578e-07	0.000000e+00	
108	5.818502e-07	0.000000e+00	
109	5.825860e-07	0.000000e+00	
110	5.834647e-07	0.000000e+00	
111	5.843745e-07	0.000000e+00	
112	5.855594e-07	0.000000e+00	

Index   time            v3#branch       
--------------------------------------------------------------------------------
113	5.868590e-07	0.000000e+00	
114	5.884630e-07	0.000000e+00	
115	5.908872e-07	0.000000e+00	
116	5.931538e-07	0.000000e+00	
117	5.932664e-07	0.000000e+00	
118	5.934918e-07	0.000000e+00	
119	5.936479e-07	0.000000e+00	
120	5.938563e-07	0.000000e+00	
121	5.940254e-07	0.000000e+00	
122	5.942063e-07	0.000000e+00	
123	5.943084e-07	0.000000e+00	
124	5.944098e-07	0.000000e+00	
125	5.945146e-07	0.000000e+00	
126	5.946358e-07	0.000000e+00	
127	5.948780e-07	0.000000e+00	
128	5.951573e-07	0.000000e+00	
129	5.956574e-07	0.000000e+00	
130	5.964112e-07	0.000000e+00	
131	5.975881e-07	0.000000e+00	
132	5.989362e-07	0.000000e+00	
133	6.004543e-07	0.000000e+00	
134	6.014121e-07	0.000000e+00	
135	6.021243e-07	0.000000e+00	
136	6.030572e-07	0.000000e+00	
137	6.039402e-07	0.000000e+00	
138	6.050000e-07	0.000000e+00	
139	6.051214e-07	0.000000e+00	
140	6.053642e-07	0.000000e+00	
141	6.058498e-07	0.000000e+00	
142	6.067166e-07	0.000000e+00	
143	6.084504e-07	0.000000e+00	
144	6.107244e-07	0.000000e+00	
145	6.131834e-07	0.000000e+00	
146	6.147988e-07	0.000000e+00	
147	6.150000e-07	0.000000e+00	
148	6.151726e-07	0.000000e+00	
149	6.155178e-07	0.000000e+00	
150	6.162081e-07	0.000000e+00	
151	6.175888e-07	0.000000e+00	
152	6.191376e-07	0.000000e+00	
153	6.205812e-07	0.000000e+00	
154	6.214226e-07	0.000000e+00	
155	6.222198e-07	0.000000e+00	
156	6.231108e-07	0.000000e+00	
157	6.241914e-07	0.000000e+00	
158	6.254498e-07	0.000000e+00	
159	6.256188e-07	0.000000e+00	
160	6.256610e-07	0.000000e+00	
161	6.257456e-07	0.000000e+00	
162	6.259146e-07	0.000000e+00	
163	6.260212e-07	0.000000e+00	
164	6.261407e-07	0.000000e+00	
165	6.262068e-07	0.000000e+00	
166	6.262698e-07	0.000000e+00	
167	6.263402e-07	0.000000e+00	
168	6.264091e-07	0.000000e+00	
169	6.265279e-07	0.000000e+00	
170	6.266453e-07	0.000000e+00	

Index   time            v3#branch       
--------------------------------------------------------------------------------
171	6.268599e-07	0.000000e+00	
172	6.270809e-07	0.000000e+00	
173	6.275230e-07	0.000000e+00	
174	6.284072e-07	0.000000e+00	
175	6.301756e-07	0.000000e+00	
176	6.322266e-07	0.000000e+00	
177	6.337090e-07	0.000000e+00	
178	6.350212e-07	0.000000e+00	
179	6.364151e-07	0.000000e+00	
180	6.379167e-07	0.000000e+00	
181	6.393109e-07	0.000000e+00	
182	6.404234e-07	0.000000e+00	
183	6.411636e-07	0.000000e+00	
184	6.420434e-07	0.000000e+00	
185	6.429549e-07	0.000000e+00	
186	6.441418e-07	0.000000e+00	
187	6.454448e-07	0.000000e+00	
188	6.470517e-07	0.000000e+00	
189	6.494768e-07	0.000000e+00	
190	6.520460e-07	0.000000e+00	
191	6.529277e-07	0.000000e+00	
192	6.533302e-07	0.000000e+00	
193	6.537372e-07	0.000000e+00	
194	6.540392e-07	0.000000e+00	
195	6.543583e-07	0.000000e+00	
196	6.546925e-07	0.000000e+00	
197	6.549277e-07	0.000000e+00	
198	6.549659e-07	0.000000e+00	
199	6.550423e-07	0.000000e+00	
200	6.551951e-07	0.000000e+00	
201	6.555007e-07	0.000000e+00	
202	6.559277e-07	0.000000e+00	
203	6.559787e-07	0.000000e+00	
204	6.560805e-07	0.000000e+00	
205	6.562843e-07	0.000000e+00	
206	6.566918e-07	0.000000e+00	
207	6.575068e-07	0.000000e+00	
208	6.591369e-07	0.000000e+00	
209	6.599055e-07	0.000000e+00	
210	6.605841e-07	0.000000e+00	
211	6.614893e-07	0.000000e+00	
212	6.623698e-07	0.000000e+00	
213	6.635457e-07	0.000000e+00	
214	6.647997e-07	0.000000e+00	
215	6.663832e-07	0.000000e+00	
216	6.686194e-07	0.000000e+00	
217	6.714424e-07	0.000000e+00	
218	6.728917e-07	0.000000e+00	
219	6.740709e-07	0.000000e+00	
220	6.754581e-07	0.000000e+00	
221	6.769218e-07	0.000000e+00	
222	6.783294e-07	0.000000e+00	
223	6.794851e-07	0.000000e+00	
224	6.800000e-07	0.000000e+00	
225	6.800609e-07	0.000000e+00	
226	6.801827e-07	0.000000e+00	
227	6.804264e-07	0.000000e+00	
228	6.809137e-07	0.000000e+00	

Index   time            v3#branch       
--------------------------------------------------------------------------------
229	6.818882e-07	0.000000e+00	
230	6.829454e-07	0.000000e+00	
231	6.833762e-07	0.000000e+00	
232	6.842378e-07	0.000000e+00	
233	6.844791e-07	0.000000e+00	
234	6.847357e-07	0.000000e+00	
235	6.848379e-07	0.000000e+00	
236	6.849439e-07	0.000000e+00	
237	6.850557e-07	0.000000e+00	
238	6.851822e-07	0.000000e+00	
239	6.853335e-07	0.000000e+00	
240	6.855907e-07	0.000000e+00	
241	6.858671e-07	0.000000e+00	
242	6.863725e-07	0.000000e+00	
243	6.870574e-07	0.000000e+00	
244	6.881505e-07	0.000000e+00	
245	6.897717e-07	0.000000e+00	
246	6.900000e-07	0.000000e+00	
247	6.901439e-07	0.000000e+00	
248	6.904317e-07	0.000000e+00	
249	6.910072e-07	0.000000e+00	
250	6.921584e-07	0.000000e+00	
251	6.936012e-07	0.000000e+00	
252	6.950065e-07	0.000000e+00	
253	6.963497e-07	0.000000e+00	
254	6.978062e-07	0.000000e+00	
255	6.990584e-07	0.000000e+00	
256	6.998489e-07	0.000000e+00	
257	7.007481e-07	0.000000e+00	
258	7.016795e-07	0.000000e+00	
259	7.028946e-07	0.000000e+00	
260	7.042279e-07	0.000000e+00	
261	7.058845e-07	0.000000e+00	
262	7.083184e-07	0.000000e+00	
263	7.099225e-07	0.000000e+00	
264	7.100671e-07	0.000000e+00	
265	7.103564e-07	0.000000e+00	
266	7.107399e-07	0.000000e+00	
267	7.109866e-07	0.000000e+00	
268	7.111854e-07	0.000000e+00	
269	7.113234e-07	0.000000e+00	
270	7.114190e-07	0.000000e+00	
271	7.115131e-07	0.000000e+00	
272	7.116108e-07	0.000000e+00	
273	7.117258e-07	0.000000e+00	
274	7.119558e-07	0.000000e+00	
275	7.122358e-07	0.000000e+00	
276	7.127303e-07	0.000000e+00	
277	7.133234e-07	0.000000e+00	
278	7.134004e-07	0.000000e+00	
279	7.135542e-07	0.000000e+00	
280	7.138619e-07	0.000000e+00	
281	7.143234e-07	0.000000e+00	
282	7.143850e-07	0.000000e+00	
283	7.145080e-07	0.000000e+00	
284	7.147542e-07	0.000000e+00	
285	7.152465e-07	0.000000e+00	
286	7.162311e-07	0.000000e+00	

Index   time            v3#branch       
--------------------------------------------------------------------------------
287	7.180076e-07	0.000000e+00	
288	7.188383e-07	0.000000e+00	
289	7.195848e-07	0.000000e+00	
290	7.204793e-07	0.000000e+00	
291	7.214820e-07	0.000000e+00	
292	7.227116e-07	0.000000e+00	
293	7.241119e-07	0.000000e+00	
294	7.258338e-07	0.000000e+00	
295	7.283318e-07	0.000000e+00	
296	7.304454e-07	0.000000e+00	
297	7.317686e-07	0.000000e+00	
298	7.330435e-07	0.000000e+00	
299	7.345523e-07	0.000000e+00	
300	7.359602e-07	0.000000e+00	
301	7.373685e-07	0.000000e+00	
302	7.382153e-07	0.000000e+00	
303	7.389500e-07	0.000000e+00	
304	7.398374e-07	0.000000e+00	
305	7.408062e-07	0.000000e+00	
306	7.420161e-07	0.000000e+00	
307	7.424699e-07	0.000000e+00	
308	7.427584e-07	0.000000e+00	
309	7.428305e-07	0.000000e+00	
310	7.429748e-07	0.000000e+00	
311	7.430640e-07	0.000000e+00	
312	7.431595e-07	0.000000e+00	
313	7.432875e-07	0.000000e+00	
314	7.433512e-07	0.000000e+00	
315	7.434165e-07	0.000000e+00	
316	7.434865e-07	0.000000e+00	
317	7.435601e-07	0.000000e+00	
318	7.436911e-07	0.000000e+00	
319	7.438114e-07	0.000000e+00	
320	7.440496e-07	0.000000e+00	
321	7.442834e-07	0.000000e+00	
322	7.447509e-07	0.000000e+00	
323	7.456860e-07	0.000000e+00	
324	7.475563e-07	0.000000e+00	
325	7.498231e-07	0.000000e+00	
326	7.513237e-07	0.000000e+00	
327	7.526064e-07	0.000000e+00	
328	7.541403e-07	0.000000e+00	
329	7.555314e-07	0.000000e+00	
330	7.569758e-07	0.000000e+00	
331	7.578011e-07	0.000000e+00	
332	7.585466e-07	0.000000e+00	
333	7.594386e-07	0.000000e+00	
334	7.604365e-07	0.000000e+00	
335	7.616583e-07	0.000000e+00	
336	7.630536e-07	0.000000e+00	
337	7.647583e-07	0.000000e+00	
338	7.672518e-07	0.000000e+00	
339	7.682018e-07	0.000000e+00	
340	7.690053e-07	0.000000e+00	
341	7.693404e-07	0.000000e+00	
342	7.696290e-07	0.000000e+00	
343	7.698409e-07	0.000000e+00	
344	7.699505e-07	0.000000e+00	

Index   time            v3#branch       
--------------------------------------------------------------------------------
345	7.700602e-07	0.000000e+00	
346	7.701763e-07	0.000000e+00	
347	7.703063e-07	0.000000e+00	
348	7.705070e-07	0.000000e+00	
349	7.708055e-07	0.000000e+00	
350	7.712742e-07	0.000000e+00	
351	7.720537e-07	0.000000e+00	
352	7.733153e-07	0.000000e+00	
353	7.746862e-07	0.000000e+00	
354	7.750000e-07	0.000000e+00	
355	7.751509e-07	0.000000e+00	
356	7.754526e-07	0.000000e+00	
357	7.760561e-07	0.000000e+00	
358	7.768789e-07	0.000000e+00	
359	7.776717e-07	0.000000e+00	
360	7.785150e-07	0.000000e+00	
361	7.794258e-07	0.000000e+00	
362	7.805378e-07	0.000000e+00	
363	7.818100e-07	0.000000e+00	
364	7.833365e-07	0.000000e+00	
365	7.850000e-07	0.000000e+00	
366	7.852126e-07	0.000000e+00	
367	7.856379e-07	0.000000e+00	
368	7.864884e-07	0.000000e+00	
369	7.881313e-07	0.000000e+00	
370	7.897061e-07	0.000000e+00	
371	7.910697e-07	0.000000e+00	
372	7.924198e-07	0.000000e+00	
373	7.939038e-07	0.000000e+00	
374	7.952784e-07	0.000000e+00	
375	7.967438e-07	0.000000e+00	
376	7.975898e-07	0.000000e+00	
377	7.985109e-07	0.000000e+00	
378	7.994606e-07	0.000000e+00	
379	8.007116e-07	0.000000e+00	
380	8.011816e-07	0.000000e+00	
381	8.012990e-07	0.000000e+00	
382	8.015340e-07	0.000000e+00	
383	8.015592e-07	0.000000e+00	
384	8.016096e-07	0.000000e+00	
385	8.017103e-07	0.000000e+00	
386	8.018232e-07	0.000000e+00	
387	8.018812e-07	0.000000e+00	
388	8.019423e-07	0.000000e+00	
389	8.020084e-07	0.000000e+00	
390	8.020777e-07	0.000000e+00	
391	8.022024e-07	0.000000e+00	
392	8.023195e-07	0.000000e+00	
393	8.025421e-07	0.000000e+00	
394	8.027598e-07	0.000000e+00	
395	8.031951e-07	0.000000e+00	
396	8.040659e-07	0.000000e+00	
397	8.058073e-07	0.000000e+00	
398	8.079779e-07	0.000000e+00	
399	8.094871e-07	0.000000e+00	
400	8.107849e-07	0.000000e+00	
401	8.121739e-07	0.000000e+00	
402	8.136637e-07	0.000000e+00	

Index   time            v3#branch       
--------------------------------------------------------------------------------
403	8.150621e-07	0.000000e+00	
404	8.160721e-07	0.000000e+00	
405	8.167923e-07	0.000000e+00	
406	8.177548e-07	0.000000e+00	
407	8.186353e-07	0.000000e+00	
408	8.198725e-07	0.000000e+00	
409	8.211477e-07	0.000000e+00	
410	8.228004e-07	0.000000e+00	
411	8.251842e-07	0.000000e+00	
412	8.273383e-07	0.000000e+00	
413	8.274513e-07	0.000000e+00	
414	8.276772e-07	0.000000e+00	
415	8.279324e-07	0.000000e+00	
416	8.281087e-07	0.000000e+00	
417	8.282889e-07	0.000000e+00	
418	8.284272e-07	0.000000e+00	
419	8.285198e-07	0.000000e+00	
420	8.286105e-07	0.000000e+00	
421	8.287050e-07	0.000000e+00	
422	8.288240e-07	0.000000e+00	
423	8.290309e-07	0.000000e+00	
424	8.293109e-07	0.000000e+00	
425	8.297857e-07	0.000000e+00	
426	8.304272e-07	0.000000e+00	
427	8.305025e-07	0.000000e+00	
428	8.306532e-07	0.000000e+00	
429	8.309547e-07	0.000000e+00	
430	8.314272e-07	0.000000e+00	
431	8.314874e-07	0.000000e+00	
432	8.316080e-07	0.000000e+00	
433	8.318492e-07	0.000000e+00	
434	8.323314e-07	0.000000e+00	
435	8.332960e-07	0.000000e+00	
436	8.350884e-07	0.000000e+00	
437	8.359170e-07	0.000000e+00	
438	8.366576e-07	0.000000e+00	
439	8.375519e-07	0.000000e+00	
440	8.385437e-07	0.000000e+00	
441	8.397685e-07	0.000000e+00	
442	8.411562e-07	0.000000e+00	
443	8.428587e-07	0.000000e+00	
444	8.453437e-07	0.000000e+00	
445	8.475156e-07	0.000000e+00	
446	8.488461e-07	0.000000e+00	
447	8.500000e-07	0.000000e+00	
448	8.501819e-07	0.000000e+00	
449	8.505456e-07	0.000000e+00	
450	8.512730e-07	0.000000e+00	
451	8.527174e-07	0.000000e+00	
452	8.541941e-07	0.000000e+00	
453	8.551264e-07	0.000000e+00	
454	8.558344e-07	0.000000e+00	
455	8.567694e-07	0.000000e+00	
456	8.576606e-07	0.000000e+00	
457	8.588755e-07	0.000000e+00	
458	8.592920e-07	0.000000e+00	
459	8.595405e-07	0.000000e+00	
460	8.600000e-07	0.000000e+00	

Index   time            v3#branch       
--------------------------------------------------------------------------------
461	8.600497e-07	0.000000e+00	
462	8.601491e-07	0.000000e+00	
463	8.602407e-07	0.000000e+00	
464	8.603863e-07	0.000000e+00	
465	8.604451e-07	0.000000e+00	
466	8.605260e-07	0.000000e+00	
467	8.606076e-07	0.000000e+00	
468	8.606949e-07	0.000000e+00	
469	8.608277e-07	0.000000e+00	
470	8.609986e-07	0.000000e+00	
471	8.612379e-07	0.000000e+00	
472	8.616743e-07	0.000000e+00	
473	8.625471e-07	0.000000e+00	
474	8.642926e-07	0.000000e+00	
475	8.663262e-07	0.000000e+00	
476	8.678076e-07	0.000000e+00	
477	8.691224e-07	0.000000e+00	
478	8.705211e-07	0.000000e+00	
479	8.720280e-07	0.000000e+00	
480	8.734264e-07	0.000000e+00	
481	8.747021e-07	0.000000e+00	
482	8.754861e-07	0.000000e+00	
483	8.763774e-07	0.000000e+00	
484	8.773046e-07	0.000000e+00	
485	8.785096e-07	0.000000e+00	
486	8.798399e-07	0.000000e+00	
487	8.814818e-07	0.000000e+00	
488	8.839169e-07	0.000000e+00	
489	8.857764e-07	0.000000e+00	
490	8.864530e-07	0.000000e+00	
491	8.868582e-07	0.000000e+00	
492	8.870329e-07	0.000000e+00	
493	8.871932e-07	0.000000e+00	
494	8.873238e-07	0.000000e+00	
495	8.874635e-07	0.000000e+00	
496	8.876482e-07	0.000000e+00	
497	8.878880e-07	0.000000e+00	
498	8.882819e-07	0.000000e+00	
499	8.888582e-07	0.000000e+00	
500	8.889169e-07	0.000000e+00	
501	8.890342e-07	0.000000e+00	
502	8.892688e-07	0.000000e+00	
503	8.897381e-07	0.000000e+00	
504	8.898582e-07	0.000000e+00	
505	8.899520e-07	0.000000e+00	
506	8.901398e-07	0.000000e+00	
507	8.905152e-07	0.000000e+00	
508	8.912660e-07	0.000000e+00	
509	8.927677e-07	0.000000e+00	
510	8.939662e-07	0.000000e+00	
511	8.947112e-07	0.000000e+00	
512	8.955169e-07	0.000000e+00	
513	8.963942e-07	0.000000e+00	
514	8.974923e-07	0.000000e+00	
515	8.987375e-07	0.000000e+00	
516	9.000000e-07	0.000000e+00	
517	9.001503e-07	0.000000e+00	
518	9.004509e-07	0.000000e+00	

Index   time            v3#branch       
--------------------------------------------------------------------------------
519	9.010522e-07	0.000000e+00	
520	9.022547e-07	0.000000e+00	
521	9.046597e-07	0.000000e+00	
522	9.066597e-07	0.000000e+00	
523	9.067597e-07	0.000000e+00	
524	9.069597e-07	0.000000e+00	
525	9.073597e-07	0.000000e+00	
526	9.076597e-07	0.000000e+00	
527	9.077397e-07	0.000000e+00	
528	9.078997e-07	0.000000e+00	
529	9.082197e-07	0.000000e+00	
530	9.088597e-07	0.000000e+00	
531	9.100000e-07	0.000000e+00	
532	9.101280e-07	0.000000e+00	
533	9.103840e-07	0.000000e+00	
534	9.108960e-07	0.000000e+00	
535	9.119200e-07	0.000000e+00	
536	9.129631e-07	0.000000e+00	
537	9.138068e-07	0.000000e+00	
538	9.145869e-07	0.000000e+00	
539	9.154555e-07	0.000000e+00	
540	9.164439e-07	0.000000e+00	
541	9.176339e-07	0.000000e+00	
542	9.180853e-07	0.000000e+00	
543	9.183724e-07	0.000000e+00	
544	9.185434e-07	0.000000e+00	
545	9.186563e-07	0.000000e+00	
546	9.187494e-07	0.000000e+00	
547	9.188526e-07	0.000000e+00	
548	9.189837e-07	0.000000e+00	
549	9.190493e-07	0.000000e+00	
550	9.191286e-07	0.000000e+00	
551	9.192030e-07	0.000000e+00	
552	9.193035e-07	0.000000e+00	
553	9.194199e-07	0.000000e+00	
554	9.196166e-07	0.000000e+00	
555	9.198431e-07	0.000000e+00	
556	9.202960e-07	0.000000e+00	
557	9.211582e-07	0.000000e+00	
558	9.228306e-07	0.000000e+00	
559	9.248508e-07	0.000000e+00	
560	9.263467e-07	0.000000e+00	
561	9.276647e-07	0.000000e+00	
562	9.290625e-07	0.000000e+00	
563	9.305688e-07	0.000000e+00	
564	9.319645e-07	0.000000e+00	
565	9.332254e-07	0.000000e+00	
566	9.340041e-07	0.000000e+00	
567	9.348947e-07	0.000000e+00	
568	9.358210e-07	0.000000e+00	
569	9.370207e-07	0.000000e+00	
570	9.383507e-07	0.000000e+00	
571	9.399844e-07	0.000000e+00	
572	9.424216e-07	0.000000e+00	
573	9.444003e-07	0.000000e+00	
574	9.450000e-07	0.000000e+00	
575	9.450054e-07	0.000000e+00	
576	9.450162e-07	0.000000e+00	

Index   time            v3#branch       
--------------------------------------------------------------------------------
577	9.450378e-07	0.000000e+00	
578	9.450811e-07	0.000000e+00	
579	9.451675e-07	0.000000e+00	
580	9.453405e-07	0.000000e+00	
581	9.454931e-07	0.000000e+00	
582	9.455873e-07	0.000000e+00	
583	9.456820e-07	0.000000e+00	
584	9.457805e-07	0.000000e+00	
585	9.459065e-07	0.000000e+00	
586	9.460820e-07	0.000000e+00	
587	9.463848e-07	0.000000e+00	
588	9.468327e-07	0.000000e+00	
589	9.476054e-07	0.000000e+00	
590	9.488823e-07	0.000000e+00	
591	9.502583e-07	0.000000e+00	
592	9.517694e-07	0.000000e+00	
593	9.527459e-07	0.000000e+00	
594	9.534642e-07	0.000000e+00	
595	9.543984e-07	0.000000e+00	
596	9.550000e-07	0.000000e+00	
597	9.550888e-07	0.000000e+00	
598	9.552663e-07	0.000000e+00	
599	9.556215e-07	0.000000e+00	
600	9.563207e-07	0.000000e+00	
601	9.577193e-07	0.000000e+00	
602	9.591694e-07	0.000000e+00	
603	9.600000e-07	0.000000e+00	
604	9.602719e-07	0.000000e+00	
605	9.608156e-07	0.000000e+00	
606	9.619030e-07	0.000000e+00	
607	9.636111e-07	0.000000e+00	
608	9.651495e-07	0.000000e+00	
609	9.665045e-07	0.000000e+00	
610	9.678652e-07	0.000000e+00	
611	9.693681e-07	0.000000e+00	
612	9.700000e-07	0.000000e+00	
613	9.701372e-07	0.000000e+00	
614	9.704116e-07	0.000000e+00	
615	9.709603e-07	0.000000e+00	
616	9.717985e-07	0.000000e+00	
617	9.725365e-07	0.000000e+00	
618	9.733391e-07	0.000000e+00	
619	9.742130e-07	0.000000e+00	
620	9.752674e-07	0.000000e+00	
621	9.764833e-07	0.000000e+00	
622	9.766214e-07	0.000000e+00	
623	9.768975e-07	0.000000e+00	
624	9.769666e-07	0.000000e+00	
625	9.771046e-07	0.000000e+00	
626	9.771918e-07	0.000000e+00	
627	9.772958e-07	0.000000e+00	
628	9.773989e-07	0.000000e+00	
629	9.775330e-07	0.000000e+00	
630	9.776000e-07	0.000000e+00	
631	9.776806e-07	0.000000e+00	
632	9.777562e-07	0.000000e+00	
633	9.778590e-07	0.000000e+00	
634	9.779760e-07	0.000000e+00	

Index   time            v3#branch       
--------------------------------------------------------------------------------
635	9.781772e-07	0.000000e+00	
636	9.784078e-07	0.000000e+00	
637	9.788690e-07	0.000000e+00	
638	9.797290e-07	0.000000e+00	
639	9.813624e-07	0.000000e+00	
640	9.834026e-07	0.000000e+00	
641	9.849107e-07	0.000000e+00	
642	9.862271e-07	0.000000e+00	
643	9.876231e-07	0.000000e+00	
644	9.891271e-07	0.000000e+00	
645	9.905230e-07	0.000000e+00	
646	9.917590e-07	0.000000e+00	
647	9.925312e-07	0.000000e+00	
648	9.934200e-07	0.000000e+00	
649	9.943441e-07	0.000000e+00	
650	9.955398e-07	0.000000e+00	
651	9.968661e-07	0.000000e+00	
652	9.984931e-07	0.000000e+00	
653	1.000000e-06	0.000000e+00	
